0.4452004798445102
0.4472135091112668
0.3917493258380376
0.4472135954999579
0.4472135954999579
0.44721303838452614
0.4472135954776368
0.43988968180104504
0.4472135954999579
0.20031342241405814
0.44704606901116484
0.44721359549993067
0.4468952184602986
0.4472135954999579
0.4472135954999579
0.37166140689998073
0.38060052399464517
0.4471151654983732
0.4472135954999579
0.44721359525696974
0.3000922375905713
0.3284143459853502
0.4472135954999453
0.4472135954999462
0.4472135954999232
0.40915622371066657
0.31680467845347754
0.4472135954999579
0.25271997655790945
0.4472135954998652
0.4470932443319327
0.4472135954999579
0.4472135954999579
0.4325811567381462
0.4472135954999579
0.44721359540230887
0.4472135954999579
0.4472135954999057
0.4338605125106719
0.4472135954999579
0.4472135954999579
0.4472135954999579
0.4472135954999579
0.4472135954999536
0.4472135954999579
0.4472135954999579
0.44721359549991807
0.44721359549994677
0.2
0.29680094622742653
