0.021350886759143612
0.0214474274455606
0.018787480859993804
0.021447431588582103
0.021447431588582103
0.021447404870487595
0.02144743158751163
0.02109619195812653
0.021447431588582103
0.009606614080453789
0.02143939736747653
0.021447431588580798
0.02143216288958418
0.021447431588582103
0.021447431588582103
0.017824106151540876
0.018252807569116986
0.02144271109093513
0.021447431588582103
0.021447431576928896
0.014391798014979869
0.015750067281285043
0.0214474315885815
0.021447431588581544
0.021447431588580437
0.01962227938814517
0.015193291832905267
0.021447431588582103
0.012119923148209267
0.02144743158857766
0.021441659797498826
0.021447431588582103
0.021447431588582103
0.0207456903345685
0.021447431588582103
0.02144743158389906
0.021447431588582103
0.021447431588579598
0.020807045569929863
0.021447431588582103
0.021447431588582103
0.021447431588582103
0.021447431588582103
0.021447431588581898
0.021447431588582103
0.021447431588582103
0.021447431588580194
0.02144743158858157
0.009591582994969178
0.014233954543628729
